JobID,Period,ExecutionTime,DeadLine,processorId
0,50,7,50,0
1,100,1,100,1
2,500,2,500,1
3,1000,26,1000,1
4,200,2,200,1
5,100,2,100,1
6,100,1,100,0
7,200,2,200,1
8,200,1,200,1
9,10,1,10,0
10,200,4,200,0
11,1000,7,1000,0
12,1000,1,1000,0
13,100,2,100,1
14,1000,32,1000,0
15,1000,12,1000,0
16,200,2,200,0
17,200,7,200,0
18,200,19,200,1
19,100,1,100,1
20,1000,2,1000,0
21,100,2,100,0
22,100,4,100,0
23,1000,32,1000,0
24,100,1,100,1
25,200,6,200,0
26,200,5,200,1
27,200,5,200,0
28,1000,6,1000,1
29,200,79,200,1
Note: *a,b means a->b, i.e., a writes data and b reads data from it
@Chain:2, 9, 11, 15, 16, 18, 29, 
@Chain:2, 9, 11, 15, 16, 18, 19, 25, 
*0,1
*0,3
*0,4
*0,5
*3,5
*3,6
*4,6
*5,6
*0,7
*3,7
*4,7
*5,7
*3,8
*4,8
*7,8
*0,9
*1,9
*2,9
*3,9
*5,9
*6,9
*8,9
*1,10
*2,10
*9,10
*0,11
*4,11
*5,11
*7,11
*9,11
*1,12
*6,12
*8,12
*9,12
*0,13
*2,13
*6,13
*7,13
*8,13
*9,13
*10,13
*5,14
*7,14
*9,14
*11,14
*13,14
*2,15
*6,15
*7,15
*10,15
*11,15
*1,16
*5,16
*9,16
*13,16
*15,16
*1,17
*2,17
*5,17
*8,17
*10,17
*12,17
*13,17
*15,17
*1,18
*3,18
*5,18
*11,18
*12,18
*14,18
*15,18
*16,18
*3,19
*4,19
*5,19
*6,19
*7,19
*11,19
*14,19
*15,19
*18,19
*1,20
*2,20
*7,20
*8,20
*9,20
*12,20
*13,20
*14,20
*16,20
*18,20
*0,21
*1,21
*2,21
*4,21
*5,21
*8,21
*12,21
*14,21
*15,21
*16,21
*17,21
*19,21
*0,22
*1,22
*4,22
*5,22
*6,22
*13,22
*14,22
*15,22
*21,22
*0,23
*4,23
*10,23
*11,23
*16,23
*19,23
*3,24
*4,24
*8,24
*13,24
*14,24
*16,24
*18,24
*20,24
*0,25
*7,25
*8,25
*15,25
*16,25
*19,25
*22,25
*23,25
*0,26
*1,26
*3,26
*6,26
*8,26
*9,26
*10,26
*11,26
*12,26
*15,26
*18,26
*20,26
*21,26
*24,26
*1,27
*4,27
*5,27
*6,27
*11,27
*13,27
*15,27
*19,27
*0,28
*2,28
*3,28
*5,28
*6,28
*7,28
*11,28
*12,28
*13,28
*14,28
*17,28
*18,28
*20,28
*24,28
*27,28
*6,29
*9,29
*10,29
*11,29
*12,29
*17,29
*18,29
*20,29
*21,29
*22,29
*23,29
*26,29
*27,29
