JobID,Period,ExecutionTime,DeadLine,processorId
0,100,6,100,1
1,100,6,100,1
2,50,16,50,0
3,100,13,100,1
4,200,4,200,0
5,100,3,100,0
6,200,12,200,0
7,200,12,200,1
8,200,4,200,1
9,200,54,200,0
Note: *a,b means a->b, i.e., a writes data and b reads data from it
@Chain:1, 2, 3, 5, 9, 
@Chain:0, 2, 3, 5, 6, 7, 8, 9, 
*0,2
*1,2
*2,3
*0,4
*1,4
*3,4
*0,5
*3,5
*2,6
*4,6
*5,6
*0,7
*1,7
*5,7
*6,7
*7,8
*5,9
*8,9
