JobID,Period,ExecutionTime,DeadLine,processorId
0,100,8,100,1
1,200,6,200,0
2,100,15,100,1
3,200,9,200,1
4,100,7,100,1
5,100,5,100,1
6,200,22,200,0
7,50,2,50,1
8,1000,17,1000,1
9,200,8,200,0
10,200,1,200,0
11,1000,4,1000,0
12,200,1,200,1
13,200,8,200,0
14,1000,7,1000,0
15,2000,67,2000,1
16,200,1,200,1
17,200,2,200,1
18,1000,11,1000,0
19,100,31,100,0
Note: *a,b means a->b, i.e., a writes data and b reads data from it
@Chain:3, 5, 7, 15, 19, 
@Chain:3, 5, 7, 14, 17, 
*1,2
*1,4
*2,4
*0,5
*1,5
*2,5
*3,5
*0,6
*0,7
*1,7
*5,7
*6,7
*0,8
*2,8
*3,8
*4,8
*2,9
*2,10
*3,10
*7,10
*8,10
*9,10
*0,11
*1,11
*3,11
*4,11
*5,11
*6,11
*8,11
*9,11
*10,11
*3,12
*8,12
*10,12
*2,13
*3,13
*4,13
*9,13
*11,13
*2,14
*4,14
*6,14
*7,14
*8,14
*13,14
*1,15
*2,15
*6,15
*7,15
*12,15
*13,15
*3,16
*7,16
*8,16
*11,16
*12,16
*14,16
*0,17
*4,17
*5,17
*6,17
*8,17
*11,17
*14,17
*16,17
*0,18
*1,18
*2,18
*4,18
*5,18
*6,18
*8,18
*10,18
*11,18
*12,18
*0,19
*4,19
*5,19
*6,19
*9,19
*15,19
*16,19
*18,19
