JobID,Period,ExecutionTime,DeadLine,processorId
0,100,1,100,0
1,100,6,100,0
2,1000,28,1000,1
3,200,29,200,0
4,100,1,100,1
5,1000,6,1000,1
6,200,9,200,0
7,1000,29,1000,0
8,1000,10,1000,1
9,100,1,100,1
10,1000,6,1000,0
11,100,3,100,0
12,200,3,200,1
13,200,1,200,0
14,200,6,200,1
15,200,4,200,0
16,100,3,100,0
17,1000,8,1000,0
18,2000,13,2000,0
19,1000,551,1000,0
Note: *a,b means a->b, i.e., a writes data and b reads data from it
@Chain:2, 4, 14, 
@Chain:2, 4, 9, 10, 17, 
*1,4
*2,4
*0,5
*4,5
*0,6
*1,6
*2,6
*0,7
*1,7
*3,7
*1,8
*4,8
*5,8
*6,8
*7,8
*1,9
*2,9
*3,9
*4,9
*0,10
*1,10
*9,10
*1,11
*3,11
*4,11
*7,11
*8,11
*10,11
*0,12
*3,12
*4,12
*5,12
*7,12
*8,12
*10,12
*0,13
*1,13
*2,13
*7,13
*8,13
*10,13
*12,13
*2,14
*3,14
*4,14
*7,14
*0,15
*1,15
*2,15
*3,15
*7,15
*8,15
*11,15
*13,15
*1,16
*4,16
*6,16
*8,16
*10,16
*11,16
*0,17
*8,17
*10,17
*12,17
*0,18
*1,18
*4,18
*5,18
*6,18
*7,18
*10,18
*1,19
*4,19
*5,19
*8,19
*10,19
*11,19
*12,19
